0x10010000              8         100           0           3           7           9           2           7 
0x10010020             -3           0  1953656659  1092641893  2036429426        8250           0           0 
0x10010040              0           0           0           0           0           0           0           0 
0x10010060              0           0           0           0           0           0           0           0 
0x10010080              0           0           0           0           0           0           0           0 
0x100100a0              0           0           0           0           0           0           0           0 
0x100100c0              0           0           0           0           0           0           0           0 
0x100100e0              0           0           0           0           0           0           0           0 
0x10010100              0           0           0           0           0           0           0           0 
0x10010120              0           0           0           0           0           0           0           0 
0x10010140              0           0           0           0           0           0           0           0 
0x10010160              0           0           0           0           0           0           0           0 
0x10010180              0           0           0           0           0           0           0           0 
0x100101a0              0           0           0           0           0           0           0           0 
0x100101c0              0           0           0           0           0           0           0           0 
0x100101e0              0           0           0           0           0           0           0           0 
0x10010200              0           0           0           0           0           0           0           0 
0x10010220              0           0           0           0           0           0           0           0 
0x10010240              0           0           0           0           0           0           0           0 
0x10010260              0           0           0           0           0           0           0           0 
0x10010280              0           0           0           0           0           0           0           0 
0x100102a0              0           0           0           0           0           0           0           0 
0x100102c0              0           0           0           0           0           0           0           0 
0x100102e0              0           0           0           0           0           0           0           0 
0x10010300              0           0           0           0           0           0           0           0 
0x10010320              0           0           0           0           0           0           0           0 
0x10010340              0           0           0           0           0           0           0           0 
0x10010360              0           0           0           0           0           0           0           0 
0x10010380              0           0           0           0           0           0           0           0 
0x100103a0              0           0           0           0           0           0           0           0 
0x100103c0              0           0           0           0           0           0           0           0 
0x100103e0              0           0           0           0           0           0           0           0 
0x10010400              0           0           0           0           0           0           0           0 
0x10010420              0           0           0           0           0           0           0           0 
0x10010440              0           0           0           0           0           0           0           0 
0x10010460              0           0           0           0           0           0           0           0 
0x10010480              0           0           0           0           0           0           0           0 
0x100104a0              0           0           0           0           0           0           0           0 
0x100104c0              0           0           0           0           0           0           0           0 
0x100104e0              0           0           0           0           0           0           0           0 
0x10010500              0           0           0           0           0           0           0           0 
0x10010520              0           0           0           0           0           0           0           0 
0x10010540              0           0           0           0           0           0           0           0 
0x10010560              0           0           0           0           0           0           0           0 
0x10010580              0           0           0           0           0           0           0           0 
0x100105a0              0           0           0           0           0           0           0           0 
0x100105c0              0           0           0           0           0           0           0           0 
0x100105e0              0           0           0           0           0           0           0           0 
0x10010600              0           0           0           0           0           0           0           0 
0x10010620              0           0           0           0           0           0           0           0 
0x10010640              0           0           0           0           0           0           0           0 
0x10010660              0           0           0           0           0           0           0           0 
0x10010680              0           0           0           0           0           0           0           0 
0x100106a0              0           0           0           0           0           0           0           0 
0x100106c0              0           0           0           0           0           0           0           0 
0x100106e0              0           0           0           0           0           0           0           0 
0x10010700              0           0           0           0           0           0           0           0 
0x10010720              0           0           0           0           0           0           0           0 
0x10010740              0           0           0           0           0           0           0           0 
0x10010760              0           0           0           0           0           0           0           0 
0x10010780              0           0           0           0           0           0           0           0 
0x100107a0              0           0           0           0           0           0           0           0 
0x100107c0              0           0           0           0           0           0           0           0 
0x100107e0              0           0           0           0           0           0           0           0 
0x10010800              0           0           0           0           0           0           0           0 
0x10010820              0           0           0           0           0           0           0           0 
0x10010840              0           0           0           0           0           0           0           0 
0x10010860              0           0           0           0           0           0           0           0 
0x10010880              0           0           0           0           0           0           0           0 
0x100108a0              0           0           0           0           0           0           0           0 
0x100108c0              0           0           0           0           0           0           0           0 
0x100108e0              0           0           0           0           0           0           0           0 
0x10010900              0           0           0           0           0           0           0           0 
0x10010920              0           0           0           0           0           0           0           0 
0x10010940              0           0           0           0           0           0           0           0 
0x10010960              0           0           0           0           0           0           0           0 
0x10010980              0           0           0           0           0           0           0           0 
0x100109a0              0           0           0           0           0           0           0           0 
0x100109c0              0           0           0           0           0           0           0           0 
0x100109e0              0           0           0           0           0           0           0           0 
0x10010a00              0           0           0           0           0           0           0           0 
0x10010a20              0           0           0           0           0           0           0           0 
0x10010a40              0           0           0           0           0           0           0           0 
0x10010a60              0           0           0           0           0           0           0           0 
0x10010a80              0           0           0           0           0           0           0           0 
0x10010aa0              0           0           0           0           0           0           0           0 
0x10010ac0              0           0           0           0           0           0           0           0 
0x10010ae0              0           0           0           0           0           0           0           0 
0x10010b00              0           0           0           0           0           0           0           0 
0x10010b20              0           0           0           0           0           0           0           0 
0x10010b40              0           0           0           0           0           0           0           0 
0x10010b60              0           0           0           0           0           0           0           0 
0x10010b80              0           0           0           0           0           0           0           0 
0x10010ba0              0           0           0           0           0           0           0           0 
0x10010bc0              0           0           0           0           0           0           0           0 
0x10010be0              0           0           0           0           0           0           0           0 
0x10010c00              0           0           0           0           0           0           0           0 
0x10010c20              0           0           0           0           0           0           0           0 
0x10010c40              0           0           0           0           0           0           0           0 
0x10010c60              0           0           0           0           0           0           0           0 
0x10010c80              0           0           0           0           0           0           0           0 
0x10010ca0              0           0           0           0           0           0           0           0 
0x10010cc0              0           0           0           0           0           0           0           0 
0x10010ce0              0           0           0           0           0           0           0           0 
0x10010d00              0           0           0           0           0           0           0           0 
0x10010d20              0           0           0           0           0           0           0           0 
0x10010d40              0           0           0           0           0           0           0           0 
0x10010d60              0           0           0           0           0           0           0           0 
0x10010d80              0           0           0           0           0           0           0           0 
0x10010da0              0           0           0           0           0           0           0           0 
0x10010dc0              0           0           0           0           0           0           0           0 
0x10010de0              0           0           0           0           0           0           0           0 
0x10010e00              0           0           0           0           0           0           0           0 
0x10010e20              0           0           0           0           0           0           0           0 
0x10010e40              0           0           0           0           0           0           0           0 
0x10010e60              0           0           0           0           0           0           0           0 
0x10010e80              0           0           0           0           0           0           0           0 
0x10010ea0              0           0           0           0           0           0           0           0 
0x10010ec0              0           0           0           0           0           0           0           0 
0x10010ee0              0           0           0           0           0           0           0           0 
0x10010f00              0           0           0           0           0           0           0           0 
0x10010f20              0           0           0           0           0           0           0           0 
0x10010f40              0           0           0           0           0           0           0           0 
0x10010f60              0           0           0           0           0           0           0           0 
0x10010f80              0           0           0           0           0           0           0           0 
0x10010fa0              0           0           0           0           0           0           0           0 
0x10010fc0              0           0           0           0           0           0           0           0 
0x10010fe0              0           0           0           0           0           0           0           0 

 Address    Code        Basic                     Source

0x00400000  0x3c011001  lui $1,4097           9        la $s7, numbers                    
0x00400004  0x34370000  ori $23,$1,0               
0x00400008  0x24100000  addiu $16,$0,0        11       li $s0, 0                   
0x0040000c  0x24160009  addiu $22,$0,9        12       li $s6, 9                     
0x00400010  0x24110000  addiu $17,$0,0        14       li $s1, 0                     
0x00400014  0x240b0000  addiu $11,$0,0        16       li $t3, 0                    
0x00400018  0x240c000a  addiu $12,$0,10       17       li $t4, 10
0x0040001c  0x24020004  addiu $2,$0,4         19       li $v0, 4,                    
0x00400020  0x3c011001  lui $1,4097           20       la $a0, message
0x00400024  0x34240028  ori $4,$1,40               
0x00400028  0x0000000c  syscall               21       syscall
0x0040002c  0x00117880  sll $15,$17,2         24       sll $t7, $s1, 2                    
0x00400030  0x02ef7820  add $15,$23,$15       25       add $t7, $s7, $t7                 
0x00400034  0x8de80000  lw $8,0($15)          26       lw $t0, 0($t7)                  
0x00400038  0x8de90004  lw $9,4($15)          27       lw $t1, 4($t7)                    
0x0040003c  0x0109502a  slt $10,$8,$9         29       slt $t2, $t0, $t1               
0x00400040  0x15400002  bne $10,$0,2          30       bne $t2, $zero, increment
0x00400044  0xade90000  sw $9,0($15)          32       sw $t1, 0($t7)                    
0x00400048  0xade80004  sw $8,4($15)          33       sw $t0, 4($t7)
0x0040004c  0x22310001  addi $17,$17,1        37       addi $s1, $s1, 1                
0x00400050  0x02d0a822  sub $21,$22,$16       38       sub $s5, $s6, $s0                
0x00400054  0x1635fff5  bne $17,$21,-11       40       bne  $s1, $s5, loop                
0x00400058  0x22100001  addi $16,$16,1        41       addi $s0, $s0, 1               
0x0040005c  0x24110000  addiu $17,$0,0        42       li $s1, 0                     
0x00400060  0x1616fff2  bne $16,$22,-14       44       bne  $s0, $s6, loop                
0x00400064  0x116c000a  beq $11,$12,10        47       beq $t3, $t4, final                
0x00400068  0x8eed0000  lw $13,0($23)         49       lw $t5, 0($s7)                    
0x0040006c  0x24020001  addiu $2,$0,1         51       li $v0, 1                    
0x00400070  0x000d2021  addu $4,$0,$13        52       move $a0, $t5
0x00400074  0x0000000c  syscall               53       syscall
0x00400078  0x24040020  addiu $4,$0,32        55       li $a0, 32                    
0x0040007c  0x2402000b  addiu $2,$0,11        56       li $v0, 11
0x00400080  0x0000000c  syscall               57       syscall
0x00400084  0x22f70004  addi $23,$23,4        59       addi $s7, $s7, 4                
0x00400088  0x216b0001  addi $11,$11,1        60       addi $t3, $t3, 1                
0x0040008c  0x08100019  j 0x00400064          62       j print
0x00400090  0x2402000a  addiu $2,$0,10        65       li $v0, 10                    
0x00400094  0x0000000c  syscall               66       syscall

