0x10010000              0           0           0           0           0           0           0           0 
0x10010020              0           0           0           0           0           0           0           0 
0x10010040              0           0           0           0           0           0           0           0 
0x10010060              0           0           0           0           0           0           0           0 
0x10010080              0           0           0           0           0           0           0           0 
0x100100a0              0           0           0           0           0           0           0           0 
0x100100c0              0           0           0           0           0           0           0           0 
0x100100e0              0           0           0           0           0           0           0           0 
0x10010100              0           0           0           0           0           0           0           0 
0x10010120              0           0           0           0           0           0           0           0 
0x10010140              0           0           0           0           0           0           0           0 
0x10010160              0           0           0           0           0           0           0           0 
0x10010180              0           0           0           0           0           0           0           0 
0x100101a0              0           0           0           0           0           0           0           0 
0x100101c0              0           0           0           0           0           0           0           0 
0x100101e0              0           0           0           0           0           0           0           0 
0x10010200              0           0           0           0           0           0           0           0 
0x10010220              0           0           0           0           0           0           0           0 
0x10010240              0           0           0           0           0           0           0           0 
0x10010260              0           0           0           0           0           0           0           0 
0x10010280              0           0           0           0           0           0           0           0 
0x100102a0              0           0           0           0           0           0           0           0 
0x100102c0              0           0           0           0           0           0           0           0 
0x100102e0              0           0           0           0           0           0           0           0 
0x10010300              0           0           0           0           0           0           0           0 
0x10010320              0           0           0           0           0           0           0           0 
0x10010340              0           0           0           0           0           0           0           0 
0x10010360              0           0           0           0           0           0           0           0 
0x10010380              0           0           0           0           0           0           0           0 
0x100103a0              0           0           0           0           0           0           0           0 
0x100103c0              0           0           0           0           0           0           0           0 
0x100103e0              0           0           0           0           0           0           0           0 
0x10010400              0           0           0           0           0           0           0           0 
0x10010420              0           0           0           0           0           0           0           0 
0x10010440              0           0           0           0           0           0           0           0 
0x10010460              0           0           0           0           0           0           0           0 
0x10010480              0           0           0           0           0           0           0           0 
0x100104a0              0           0           0           0           0           0           0           0 
0x100104c0              0           0           0           0           0           0           0           0 
0x100104e0              0           0           0           0           0           0           0           0 
0x10010500              0           0           0           0           0           0           0           0 
0x10010520              0           0           0           0           0           0           0           0 
0x10010540              0           0           0           0           0           0           0           0 
0x10010560              0           0           0           0           0           0           0           0 
0x10010580              0           0           0           0           0           0           0           0 
0x100105a0              0           0           0           0           0           0           0           0 
0x100105c0              0           0           0           0           0           0           0           0 
0x100105e0              0           0           0           0           0           0           0           0 
0x10010600              0           0           0           0           0           0           0           0 
0x10010620              0           0           0           0           0           0           0           0 
0x10010640              0           0           0           0           0           0           0           0 
0x10010660              0           0           0           0           0           0           0           0 
0x10010680              0           0           0           0           0           0           0           0 
0x100106a0              0           0           0           0           0           0           0           0 
0x100106c0              0           0           0           0           0           0           0           0 
0x100106e0              0           0           0           0           0           0           0           0 
0x10010700              0           0           0           0           0           0           0           0 
0x10010720              0           0           0           0           0           0           0           0 
0x10010740              0           0           0           0           0           0           0           0 
0x10010760              0           0           0           0           0           0           0           0 
0x10010780              0           0           0           0           0           0           0           0 
0x100107a0              0           0           0           0           0           0           0           0 
0x100107c0              0           0           0           0           0           0           0           0 
0x100107e0              0           0           0           0           0           0           0           0 
0x10010800              0           0           0           0           0           0           0           0 
0x10010820              0           0           0           0           0           0           0           0 
0x10010840              0           0           0           0           0           0           0           0 
0x10010860              0           0           0           0           0           0           0           0 
0x10010880              0           0           0           0           0           0           0           0 
0x100108a0              0           0           0           0           0           0           0           0 
0x100108c0              0           0           0           0           0           0           0           0 
0x100108e0              0           0           0           0           0           0           0           0 
0x10010900              0           0           0           0           0           0           0           0 
0x10010920              0           0           0           0           0           0           0           0 
0x10010940              0           0           0           0           0           0           0           0 
0x10010960              0           0           0           0           0           0           0           0 
0x10010980              0           0           0           0           0           0           0           0 
0x100109a0              0           0           0           0           0           0           0           0 
0x100109c0              0           0           0           0           0           0           0           0 
0x100109e0              0           0           0           0           0           0           0           0 
0x10010a00              0           0           0           0           0           0           0           0 
0x10010a20              0           0           0           0           0           0           0           0 
0x10010a40              0           0           0           0           0           0           0           0 
0x10010a60              0           0           0           0           0           0           0           0 
0x10010a80              0           0           0           0           0           0           0           0 
0x10010aa0              0           0           0           0           0           0           0           0 
0x10010ac0              0           0           0           0           0           0           0           0 
0x10010ae0              0           0           0           0           0           0           0           0 
0x10010b00              0           0           0           0           0           0           0           0 
0x10010b20              0           0           0           0           0           0           0           0 
0x10010b40              0           0           0           0           0           0           0           0 
0x10010b60              0           0           0           0           0           0           0           0 
0x10010b80              0           0           0           0           0           0           0           0 
0x10010ba0              0           0           0           0           0           0           0           0 
0x10010bc0              0           0           0           0           0           0           0           0 
0x10010be0              0           0           0           0           0           0           0           0 
0x10010c00              0           0           0           0           0           0           0           0 
0x10010c20              0           0           0           0           0           0           0           0 
0x10010c40              0           0           0           0           0           0           0           0 
0x10010c60              0           0           0           0           0           0           0           0 
0x10010c80              0           0           0           0           0           0           0           0 
0x10010ca0              0           0           0           0           0           0           0           0 
0x10010cc0              0           0           0           0           0           0           0           0 
0x10010ce0              0           0           0           0           0           0           0           0 
0x10010d00              0           0           0           0           0           0           0           0 
0x10010d20              0           0           0           0           0           0           0           0 
0x10010d40              0           0           0           0           0           0           0           0 
0x10010d60              0           0           0           0           0           0           0           0 
0x10010d80              0           0           0           0           0           0           0           0 
0x10010da0              0           0           0           0           0           0           0           0 
0x10010dc0              0           0           0           0           0           0           0           0 
0x10010de0              0           0           0           0           0           0           0           0 
0x10010e00              0           0           0           0           0           0           0           0 
0x10010e20              0           0           0           0           0           0           0           0 
0x10010e40              0           0           0           0           0           0           0           0 
0x10010e60              0           0           0           0           0           0           0           0 
0x10010e80              0           0           0           0           0           0           0           0 
0x10010ea0              0           0           0           0           0           0           0           0 
0x10010ec0              0           0           0           0           0           0           0           0 
0x10010ee0              0           0           0           0           0           0           0           0 
0x10010f00              0           0           0           0           0           0           0           0 
0x10010f20              0           0           0           0           0           0           0           0 
0x10010f40              0           0           0           0           0           0           0           0 
0x10010f60              0           0           0           0           0           0           0           0 
0x10010f80              0           0           0           0           0           0           0           0 
0x10010fa0              0           0           0           0           0           0           0           0 
0x10010fc0              0           0           0           0           0           0           0           0 
0x10010fe0              0           0           0           0           0           0           0           0 


Address    Code        Basic                     Source

0x00400000  0x3c011001  lui $1,4097           8    	la 	$t0,v			
0x00400004  0x34280000  ori $8,$1,0                
0x00400008  0x24090000  addiu $9,$0,0         9    	li 	$t1,0			
0x0040000c  0x29210006  slti $1,$9,6          12   	slti 	$at,$t1,6			
0x00400010  0x1020000f  beq $1,$0,15          13   	beq	$at,$zero,end
0x00400014  0x240a0000  addiu $10,$0,0        14   	li 	$t2,0	
0x00400018  0x240b0001  addiu $11,$0,1        15   	li 	$t3,1
0x0040001c  0x11200001  beq $9,$0,1           16   	beq 	$t1,$zero,zero		
0x00400020  0x0c10000e  jal 0x00400038        17   	jal	fatorial		
0x00400024  0x240b0001  addiu $11,$0,1        20   	li 	$t3,1			
0x00400028  0xad0b0000  sw $11,0($8)          23   	sw 	$t3,0($t0)		
0x0040002c  0x25080004  addiu $8,$8,4         24   	addiu 	$t0,$t0,4		
0x00400030  0x25290001  addiu $9,$9,1         25   	addiu 	$t1,$t1,1		
0x00400034  0x08100003  j 0x0040000c          26   	j 	loop			
0x00400038  0x0149082a  slt $1,$10,$9         29   	slt	$at,$t2,$t1			
0x0040003c  0x1020fffa  beq $1,$0,-6          30   	beq	$at,$zero,save
0x00400040  0x254a0001  addiu $10,$10,1       31   	addiu 	$t2,$t2,1
0x00400044  0x016a0019  multu $11,$10         32   	multu 	$t3,$t2
0x00400048  0x00005812  mflo $11              33   	mflo	$t3	
0x0040004c  0x0810000e  j 0x00400038          34   	j 	fatorial
0x00400050  0x2402000a  addiu $2,$0,10        37   	li 	$v0,10			

