0x10010000              0           0           0           0           0           0           0           0 
0x10010020              0           0           0           0           0           0           0           0 
0x10010040              0           0           0          19   544698184  2037277037  1651066400  1667329647 
0x10010060     1847617891  1700949365  1948283762  1701257327  1634887022   541025652  1008742952   544743485 
0x10010080      824196412   536881465  1701336064  1651066400  1667329647  1847617891  1700949365  1629516658 
0x100100a0      171599218           0           0           0           0           0           0           0 
0x100100c0              0           0           0           0           0           0           0           0 
0x100100e0              0           0           0           0           0           0           0           0 
0x10010100              0           0           0           0           0           0           0           0 
0x10010120              0           0           0           0           0           0           0           0 
0x10010140              0           0           0           0           0           0           0           0 
0x10010160              0           0           0           0           0           0           0           0 
0x10010180              0           0           0           0           0           0           0           0 
0x100101a0              0           0           0           0           0           0           0           0 
0x100101c0              0           0           0           0           0           0           0           0 
0x100101e0              0           0           0           0           0           0           0           0 
0x10010200              0           0           0           0           0           0           0           0 
0x10010220              0           0           0           0           0           0           0           0 
0x10010240              0           0           0           0           0           0           0           0 
0x10010260              0           0           0           0           0           0           0           0 
0x10010280              0           0           0           0           0           0           0           0 
0x100102a0              0           0           0           0           0           0           0           0 
0x100102c0              0           0           0           0           0           0           0           0 
0x100102e0              0           0           0           0           0           0           0           0 
0x10010300              0           0           0           0           0           0           0           0 
0x10010320              0           0           0           0           0           0           0           0 
0x10010340              0           0           0           0           0           0           0           0 
0x10010360              0           0           0           0           0           0           0           0 
0x10010380              0           0           0           0           0           0           0           0 
0x100103a0              0           0           0           0           0           0           0           0 
0x100103c0              0           0           0           0           0           0           0           0 
0x100103e0              0           0           0           0           0           0           0           0 
0x10010400              0           0           0           0           0           0           0           0 
0x10010420              0           0           0           0           0           0           0           0 
0x10010440              0           0           0           0           0           0           0           0 
0x10010460              0           0           0           0           0           0           0           0 
0x10010480              0           0           0           0           0           0           0           0 
0x100104a0              0           0           0           0           0           0           0           0 
0x100104c0              0           0           0           0           0           0           0           0 
0x100104e0              0           0           0           0           0           0           0           0 
0x10010500              0           0           0           0           0           0           0           0 
0x10010520              0           0           0           0           0           0           0           0 
0x10010540              0           0           0           0           0           0           0           0 
0x10010560              0           0           0           0           0           0           0           0 
0x10010580              0           0           0           0           0           0           0           0 
0x100105a0              0           0           0           0           0           0           0           0 
0x100105c0              0           0           0           0           0           0           0           0 
0x100105e0              0           0           0           0           0           0           0           0 
0x10010600              0           0           0           0           0           0           0           0 
0x10010620              0           0           0           0           0           0           0           0 
0x10010640              0           0           0           0           0           0           0           0 
0x10010660              0           0           0           0           0           0           0           0 
0x10010680              0           0           0           0           0           0           0           0 
0x100106a0              0           0           0           0           0           0           0           0 
0x100106c0              0           0           0           0           0           0           0           0 
0x100106e0              0           0           0           0           0           0           0           0 
0x10010700              0           0           0           0           0           0           0           0 
0x10010720              0           0           0           0           0           0           0           0 
0x10010740              0           0           0           0           0           0           0           0 
0x10010760              0           0           0           0           0           0           0           0 
0x10010780              0           0           0           0           0           0           0           0 
0x100107a0              0           0           0           0           0           0           0           0 
0x100107c0              0           0           0           0           0           0           0           0 
0x100107e0              0           0           0           0           0           0           0           0 
0x10010800              0           0           0           0           0           0           0           0 
0x10010820              0           0           0           0           0           0           0           0 
0x10010840              0           0           0           0           0           0           0           0 
0x10010860              0           0           0           0           0           0           0           0 
0x10010880              0           0           0           0           0           0           0           0 
0x100108a0              0           0           0           0           0           0           0           0 
0x100108c0              0           0           0           0           0           0           0           0 
0x100108e0              0           0           0           0           0           0           0           0 
0x10010900              0           0           0           0           0           0           0           0 
0x10010920              0           0           0           0           0           0           0           0 
0x10010940              0           0           0           0           0           0           0           0 
0x10010960              0           0           0           0           0           0           0           0 
0x10010980              0           0           0           0           0           0           0           0 
0x100109a0              0           0           0           0           0           0           0           0 
0x100109c0              0           0           0           0           0           0           0           0 
0x100109e0              0           0           0           0           0           0           0           0 
0x10010a00              0           0           0           0           0           0           0           0 
0x10010a20              0           0           0           0           0           0           0           0 
0x10010a40              0           0           0           0           0           0           0           0 
0x10010a60              0           0           0           0           0           0           0           0 
0x10010a80              0           0           0           0           0           0           0           0 
0x10010aa0              0           0           0           0           0           0           0           0 
0x10010ac0              0           0           0           0           0           0           0           0 
0x10010ae0              0           0           0           0           0           0           0           0 
0x10010b00              0           0           0           0           0           0           0           0 
0x10010b20              0           0           0           0           0           0           0           0 
0x10010b40              0           0           0           0           0           0           0           0 
0x10010b60              0           0           0           0           0           0           0           0 
0x10010b80              0           0           0           0           0           0           0           0 
0x10010ba0              0           0           0           0           0           0           0           0 
0x10010bc0              0           0           0           0           0           0           0           0 
0x10010be0              0           0           0           0           0           0           0           0 
0x10010c00              0           0           0           0           0           0           0           0 
0x10010c20              0           0           0           0           0           0           0           0 
0x10010c40              0           0           0           0           0           0           0           0 
0x10010c60              0           0           0           0           0           0           0           0 
0x10010c80              0           0           0           0           0           0           0           0 
0x10010ca0              0           0           0           0           0           0           0           0 
0x10010cc0              0           0           0           0           0           0           0           0 
0x10010ce0              0           0           0           0           0           0           0           0 
0x10010d00              0           0           0           0           0           0           0           0 
0x10010d20              0           0           0           0           0           0           0           0 
0x10010d40              0           0           0           0           0           0           0           0 
0x10010d60              0           0           0           0           0           0           0           0 
0x10010d80              0           0           0           0           0           0           0           0 
0x10010da0              0           0           0           0           0           0           0           0 
0x10010dc0              0           0           0           0           0           0           0           0 
0x10010de0              0           0           0           0           0           0           0           0 
0x10010e00              0           0           0           0           0           0           0           0 
0x10010e20              0           0           0           0           0           0           0           0 
0x10010e40              0           0           0           0           0           0           0           0 
0x10010e60              0           0           0           0           0           0           0           0 
0x10010e80              0           0           0           0           0           0           0           0 
0x10010ea0              0           0           0           0           0           0           0           0 
0x10010ec0              0           0           0           0           0           0           0           0 
0x10010ee0              0           0           0           0           0           0           0           0 
0x10010f00              0           0           0           0           0           0           0           0 
0x10010f20              0           0           0           0           0           0           0           0 
0x10010f40              0           0           0           0           0           0           0           0 
0x10010f60              0           0           0           0           0           0           0           0 
0x10010f80              0           0           0           0           0           0           0           0 
0x10010fa0              0           0           0           0           0           0           0           0 
0x10010fc0              0           0           0           0           0           0           0           0 
0x10010fe0              0           0           0           0           0           0           0           0 

 Address    Code        Basic                     Source

0x00400000  0x3c011001  lui $1,4097           6          la   $s0, fibs        
0x00400004  0x34300000  ori $16,$1,0               
0x00400008  0x3c011001  lui $1,4097           7          la   $s5, size       
0x0040000c  0x3435004c  ori $21,$1,76              
0x00400010  0x8eb50000  lw $21,0($21)         8          lw   $s5, 0($s5)     
0x00400014  0x24120001  addiu $18,$0,1        11         li   $s2, 1           
0x00400018  0xae120000  sw $18,0($16)         12         sw   $s2, 0($s0)     
0x0040001c  0xae120004  sw $18,4($16)         13         sw   $s2, 4($s0)     
0x00400020  0x26b1fffe  addiu $17,$21,-2      14         addiu $s1, $s5, -2     
0x00400024  0x8e130000  lw $19,0($16)         17   loop: lw   $s3, 0($s0)     
0x00400028  0x8e140004  lw $20,4($16)         18         lw   $s4, 4($s0)      
0x0040002c  0x02749020  add $18,$19,$20       19         add  $s2, $s3, $s4    
0x00400030  0xae120008  sw $18,8($16)         20         sw   $s2, 8($s0)     
0x00400034  0x26100004  addiu $16,$16,4       21         addiu $s0, $s0, 4      
0x00400038  0x2631ffff  addiu $17,$17,-1      22         addiu $s1, $s1, -1     
0x0040003c  0x1e20fff9  bgtz $17,-7           23         bgtz $s1, loop        
0x00400040  0x3c011001  lui $1,4097           26         la   $a0, fibs        
0x00400044  0x34240000  ori $4,$1,0                
0x00400048  0x00152820  add $5,$0,$21         27         add  $a1, $zero, $s5  
0x0040004c  0x0c100015  jal 0x00400054        28         jal  print            
0x00400050  0x2402000a  addiu $2,$0,10        31         li   $v0, 10          # system call for exit
0x00400054  0x00044020  add $8,$0,$4          39   print:add  $t0, $zero, $a0  
0x00400058  0x00054820  add $9,$0,$5          40         add  $t1, $zero, $a1  
0x0040005c  0x3c011001  lui $1,4097           41         la   $a0, head       
0x00400060  0x34240089  ori $4,$1,137              
0x00400064  0x24020004  addiu $2,$0,4         42         li   $v0, 4          
0x00400068  0x8d040000  lw $4,0($8)           45   out:  lw   $a0, 0($t0)      
0x0040006c  0x24020001  addiu $2,$0,1         46         li   $v0, 1           
0x00400070  0x3c011001  lui $1,4097           48         la   $a0, space       
0x00400074  0x34240087  ori $4,$1,135              
0x00400078  0x24020004  addiu $2,$0,4         49         li   $v0, 4           
0x0040007c  0x25080004  addiu $8,$8,4         51         addiu $t0, $t0, 4      
0x00400080  0x2529ffff  addiu $9,$9,-1        52         addiu $t1, $t1, -1     
0x00400084  0x1d20fff8  bgtz $9,-8            53         bgtz $t1, out         
0x00400088  0x03e00008  jr $31                55         jr   $ra              

